32,1050.4,1187.7
33,1250.4,1187.7
34,1150.4,1360.9
35,950.38,1360.9
36,850.38,1187.7
37,950.38,1014.4
38,1150.4,1014.4
39,1350.4,1014.4
40,1450.4,1187.7
41,1350.4,1360.9
42,1250.4,1534.1
43,1050.4,1534.1
44,850.38,1534.1
45,750.38,1360.9
46,650.38,1187.7
47,750.38,1014.4
48,850.38,841.24
49,1050.4,841.24
50,1250.4,841.24
51,1454.6,848.5
52,1546.2,1007.2
53,1650.4,1187.7
54,1546.2,1368.1
55,1454.6,1526.8
56,1350.4,1707.3
57,1142,1707.3
58,958.76,1707.3
59,750.38,1707.3
60,646.2,1526.8
61,554.57,1368.1
62,450.38,1187.7
63,554.57,1007.2
64,646.2,848.5
65,750.38,668.04
66,958.76,668.04
67,1142,668.04
68,1350.4,668.04
69,1557.6,680.47
70,1650.4,841.24
71,1743.2,1002
72,1850.4,1187.7
73,1743.2,1373.3
74,1650.4,1534.1
75,1557.6,1694.8
76,1450.4,1880.5
77,1236,1880.5
78,1050.4,1880.5
79,864.74,1880.5
80,650.38,1880.5
81,543.2,1694.8
82,450.38,1534.1
83,357.56,1373.3
84,250.38,1187.7
85,357.56,1002
86,450.38,841.24
87,543.2,680.47
88,650.38,494.83
89,864.74,494.83
90,1050.4,494.83
91,1236,494.83
92,1450.4,494.83
93,1659.7,510.95
94,1754.9,675.81
95,1845.9,833.47
96,1941.1,998.33
97,2050.4,1187.7
98,1941.1,1377
99,1845.9,1541.8
100,1754.9,1699.5
101,1659.7,1864.4
102,1550.4,2053.7
103,1331.8,2053.7
104,1141.4,2053.7
105,959.36,2053.7
106,769,2053.7
107,1458.3,883.07
108,2008.4,1284.3
109,903.93,2166.6
110,862,2081.6
111,1348.4,1461.4
112,1551.3,830.6
113,671.12,2034.5
114,1643.4,808.46
115,1407,942.77
116,1616.6,816.31
117,902.4,1100.5
118,2062.8,1271.4
119,358.86,1591.3
120,1185.1,1275.2
121,1019.3,1443.8
122,634.18,1605.7
123,518.77,928.83
124,835.17,519.57
125,702.17,1107.7
126,1397.8,1849.7
127,1771.1,733.81
128,1220.9,1406.4
129,2058.8,1311.8
130,1765.2,1806.6
131,1208.6,1467.7
132,1300.5,649.3
133,957.78,1866.1
134,951.25,1158.3
135,900.84,966.03
136,1944.5,1017.7
137,1548.4,1315.1
138,1816.7,668.62
139,1729.4,692.67
140,964.37,1967.9
141,733.32,1009.1
142,1120,1477.2
143,687.72,1704.5
144,1082.6,754.78
145,1216.4,2146.3
146,1508.6,868.62
147,1572.8,822.4
148,1321.5,1255.2
149,982.22,1080.3
150,709.49,907.58
151,1843.9,711.82
152,1091.3,416.35
153,1702.3,1729.3
154,770.85,1558.6
155,656.95,838.03
156,696.5,1193.5
157,1718.8,987.8
158,1945.3,1184
159,777.06,564.96
160,915.72,667.65
161,1391.4,1130.5
162,1977.5,1177.4
163,2016.9,891.28
164,521.67,473.1
165,755.61,633.98
166,746.28,914.02
167,1095.7,380.45
168,1611.7,519.13
169,677.42,619.82
170,848.12,1432.7
171,1004.2,1270.8
172,1680.7,690.28
173,738.72,764.63
174,2042.4,1010.4
175,583.29,582.53
176,129.15,1204.3
177,1300,1297
178,559.66,939.52
179,936.08,1179.5
180,1604.7,730.87
181,1732.3,961.65
182,715.38,1549.7
183,691.12,728.36
184,1000.6,1376.1
185,475.92,1805.4
186,643.44,1876.6
187,1884.9,1226.9
188,350.85,916.64
189,957.61,920.29
190,1473.4,1280.4
191,501.78,1548.3
192,800.17,774.92
193,1466.8,1634.5
194,1707.8,764.96
195,791.47,2168.2
196,2058.4,994.6
197,978.1,2052.1
198,1764.8,1761.3
199,1702.6,815.86
200,1690.6,1070.3
201,581.41,1891.7
202,1519.8,2040
203,639.36,594.83
204,1553.4,2077
205,1827.1,597.41
206,468.96,1796.9
207,582.74,964.02
208,1456.2,790.93
209,1274.2,1011.9
210,389.52,1631.8
211,1114.6,573
212,234.12,1247.8
213,695.82,1721.2
214,1332.9,1147
215,1698.8,1182.8
216,1528.8,1527.9
217,624.11,777.47
218,1822.3,588.65
219,967.12,1888.4
220,1074.8,756.01
221,244.77,1160.8
222,1963.2,869.22
223,921.36,820.89
224,1420,1245.9
225,875.31,1735.6
226,1226.8,1294
227,771.1,786.83
228,1321.9,2045.7
229,1435.6,1745.9
230,1527.9,1012.1
231,503.95,1523.6
232,1406.9,2062.4
233,1734.7,945.76
234,801.56,1475.4
235,1130.8,1279.5
236,2062.3,1036.8
237,1295.6,531.36
238,1006,1527.9
239,1147,1165.1
240,711.64,856.1
241,930.33,1755.2
242,1641.1,1453.7
243,1376.2,469.82
244,1527.1,1537.3
245,1088.7,1629.2
246,1459.2,1948
247,1150.2,1574.4
248,1284.7,1270.1
249,499.99,1709.7
250,1339.5,418.54
251,608.93,1800.9
252,1877.7,1639
253,1662,1556.7
254,949.62,445.44
255,144.14,1198.6
256,1049.6,754.74
257,1883.7,1384.6
258,1710.8,1752.3
259,1864.6,1497.5
260,1574.2,1186.9
261,1074.4,679.53
262,1115.8,2081
263,1071.7,1131.6
264,1113.9,805.12
265,1476.2,961.95
266,1397.9,1179.1
267,1203.2,929.56
268,1207.1,1017.2
269,1289.2,479.13
270,906.99,375.34
271,1045,939.72
272,621.39,1286.6
273,269,1059.2
274,1371.9,1660.3
275,1247.4,1009.8
276,518.67,934.47
277,1760,978.14
278,1311,522.07
279,1524.4,456.6
280,1907.4,1526.5
281,2053.5,1370.1
282,753.6,1446.6
283,2168.4,1247.3
284,1539.3,848.44
285,1548.6,1953.5
286,290.84,1133
287,1081.1,1375.4
288,394.41,1502.3
289,1971.8,1218.1
290,1571.2,1547.9
291,1553.3,677.05
292,1724.6,1490.6
293,1050.4,498.82
294,1237.3,817.28
295,1473.9,1819.9
296,920.48,1939.4
297,1207.5,929.9
298,890.43,1257.9
299,491.07,1512.5
300,1454.4,451.7
301,1089.4,1258.9
302,705.11,585.88
303,595.85,1478.4
304,1899,843.27
305,383.91,1092
306,1222,2103.8
307,1272.7,786.16
308,1748.7,1870.9
309,1072.6,1513
310,378.35,898.2
311,696.26,1603
312,397.9,1526.2
313,1359.7,968.51
314,1057.3,937.01
315,1082.1,1841.7
316,299.1,1244.3
317,209.91,1196.4
318,1741.2,1160.8
319,1647.5,1793.2
320,1471.4,814.02
321,915.67,1712.1
322,526.83,1658.8
323,1931.3,1161.4
324,774.67,568.29
325,1352.9,1277.9
326,598.71,1279.4
327,864.54,2065.8
328,821.83,1176.3
329,991.9,1253
330,1343.4,1554.5
331,1188.5,1937.1
